      number         u_z      LFPR_z         f_z         d_z
           1     -0.7369      0.7049      0.9066      0.1332
           2     -0.7648      0.7066      0.8830      0.0918
           3      0.0479      0.3811         NaN      0.0603
           4     -0.6818      0.3556      0.9655     -0.0855
           5     -0.8113      0.6945      0.9661     -0.0920
           6     -0.2547      0.6682      0.0378      0.0159
           7     -0.7854      0.6027      0.9392      0.1173
           8     -0.5233      0.6798      0.3542     -0.0167
           9     -0.6345      0.5689      0.8850      0.0033
          10     -0.3229      0.6118      0.0628      0.0487
          11     -0.0383      0.6217     -0.0468      0.0457
          12     -0.7170      0.3768      0.6956      0.0105
          13     -0.3086      0.6801      0.1266     -0.0028
          14     -0.2201      0.6927      0.1165      0.0573
          15     -0.5349      0.2585      0.9180      0.0478
          16      0.6491     -0.6279      0.6620      0.2099
          17     -0.1179      0.5533     -0.0213     -0.0133
          18     -0.6975      0.6616      0.4485      0.0148
          19     -0.6985      0.7089      0.4175      0.0048
          20     -0.0153      0.6270      0.1009      0.0436
          21     -0.1649      0.6033     -0.0059      0.0219
          22      0.0163      0.6429     -0.0277      0.0839
          23     -0.6836      0.6726      0.6213      0.0464
          24     -0.6874      0.6925      0.4895      0.0438
          25     -0.2904      0.0348      0.9581     -0.0996
          26      0.0188      0.0170         NaN         NaN
          27     -0.5016      0.6362      0.3913     -0.0016
          28     -0.5828      0.7348      0.4251      0.0529
          29     -0.6192      0.6898      0.2159     -0.0173
          30     -0.2794      0.0904      0.9905      0.1138
          31      0.1056     -0.0799      0.9953         NaN
          32     -0.6870      0.6426      0.4621     -0.0001
          33     -0.5885      0.1818      0.9933     -0.0595
          34     -0.6659      0.6349      0.8348      0.0607
          35     -0.7948      0.7569      0.8546     -0.0081
          36     -0.6185      0.2212      0.9181     -0.1016
          37      0.0508      0.4646     -0.0101      0.0272
          38      0.0310      0.2875     -0.0318      0.0114
          39     -0.1936      0.6348      0.0180      0.0662
          40     -0.5973      0.4400      0.9722      0.0742
          41     -0.4039      0.6761      0.1145      0.0061
          42     -0.6115      0.2450      0.9895      0.1358
          43     -0.5607      0.6665      0.2297      0.0311
          44     -0.7199      0.7021      0.7898      0.0233
          45     -0.5786      0.6511      0.3545     -0.0339
          46     -0.1078      0.6819      0.0226      0.0833
          47     -0.7908      0.6372      0.8960      0.0110
          48     -0.4249      0.1231      0.9717      0.0464
          49     -0.3416      0.6470      0.0504      0.0066
          50     -0.7533      0.7039      0.7551      0.0482
          51     -0.3408      0.0714      0.9933     -0.0049
          52     -0.0864      0.6442     -0.0203      0.0039
          53     -0.3508      0.6540      0.0570      0.0112
          54     -0.4822      0.1357      0.9531      0.0349
          55     -0.6950      0.6480      0.7769      0.0437
          56     -0.0338     -0.0328         NaN         NaN
          57     -0.2692      0.1267      0.9002     -0.0403
          58     -0.5949      0.6435      0.6853      0.0169
          59     -0.4237      0.6691      0.1130      0.0134
          60     -0.0356      0.5281      0.0492      0.0034
          61     -0.0044     -0.0062         NaN         NaN
          62      0.3833      0.6078      0.1411     -0.1297
          63     -0.0006     -0.0020         NaN         NaN
          64     -0.0018     -0.0033         NaN         NaN
          65     -0.1641      0.0633      0.9878         NaN
          66     -0.2667      0.6370      0.1502     -0.0057
          67     -0.3402      0.7043      0.1411     -0.0099
          68     -0.2562      0.6284      0.0613      0.0484
          69      0.0809      0.0800         NaN         NaN
          70     -0.7551      0.6727      0.9115      0.0163
          71     -0.5334      0.2052      0.9524     -0.0218
          72     -0.4490      0.6812      0.1891     -0.0075
          73     -0.7119      0.5522      0.9270     -0.0165
          74     -0.6807      0.5968      0.8123     -0.0318
          75     -0.3318      0.6967      0.1402      0.0148
          76     -0.5979      0.7006      0.2990     -0.0134
          77      0.0161      0.0144         NaN         NaN
          78     -0.1367      0.6472      0.1937      0.0514
          79     -0.3558      0.1405      0.9924         NaN
          80     -0.0577     -0.0029      0.9826      0.0836
          81     -0.0181      0.5965     -0.1045      0.0465
          82      0.0420      0.0425         NaN         NaN
          83     -0.7028      0.6568      0.4343      0.0476
          84     -0.6684      0.5352      0.6550      0.0530
          85     -0.3712      0.6583      0.1996      0.0117
          86     -0.1658     -0.0149      0.9845         NaN
          87     -0.6185      0.6189      0.6474      0.0713
          88     -0.0180      0.6461     -0.0111      0.0569
          89     -0.5486      0.6652      0.2302      0.0004
          90     -0.7684      0.7008      0.9012      0.0804
          91     -0.7475      0.7172      0.9036      0.0842
          92      0.0986      0.5741     -0.1168      0.0607
          93     -0.0909      0.0650      0.9885         NaN
          94     -0.7716      0.6465      0.9455      0.0126
          95     -0.0171     -0.0212         NaN         NaN
          96     -0.6869      0.6186      0.5165      0.0656
          97     -0.0117      0.6779      0.0705      0.0705
          98     -0.6587      0.6601      0.3706      0.0274
          99      0.0710      0.6720      0.1654      0.0531
         100     -0.7189      0.6954      0.8247     -0.0293
         101     -0.0377      0.6763     -0.0837      0.0155
         102     -0.0061     -0.0074         NaN         NaN
         103     -0.7839      0.7183      0.9618      0.0313
         104     -0.2391      0.0416      0.9326     -0.1266
         105     -0.8439      0.7743      0.9578      0.0662
         106     -0.5974      0.2755      0.9727     -0.0859
         107     -0.7614      0.5872      0.9795      0.1147
         108     -0.1050      0.0380      0.9878         NaN
         109     -0.6501      0.4922      0.9602      0.0088
         110     -0.5250      0.1483      0.9452      0.0102
         111     -0.0176     -0.0692      0.9936     -0.0968
         112     -0.7138      0.7221      0.6342      0.0809
         113     -0.7528      0.7136      0.7202      0.0663
         114     -0.7801      0.7713      0.7748      0.0607
         115     -0.5969      0.3017      0.9759     -0.0154
         116     -0.6149      0.2187      0.9796     -0.0913
         117     -0.2892      0.0719      0.9994     -0.0362
         118     -0.4989      0.5991      0.3340      0.1214
         119     -0.1964      0.6136      0.0110      0.0400
         120     -0.2061     -0.0133      0.9950         NaN
         121     -0.1387     -0.0193      0.9881         NaN
         122     -0.6575      0.6814      0.3329     -0.0382
         123     -0.2537      0.0196      0.9964         NaN
         124     -0.5727      0.2926      0.9616     -0.0261
         125     -0.7347      0.3998      0.9827     -0.2828
         126     -0.3665      0.6584      0.1974      0.0060
         127      0.0925      0.6589         NaN      0.0755
         128     -0.0372      0.6113      0.1047      0.0566
         129     -0.5448      0.6630      0.2095     -0.0046
         130     -0.7599      0.7373      0.7270     -0.0195
         131     -0.5388      0.6410      0.2611     -0.0222
         132     -0.3645      0.6900      0.1606      0.0069
         133     -0.7794      0.7323      0.8120      0.0483
         134      0.0709      0.6154         NaN      0.0527
         135     -0.5076      0.7100      0.3568      0.0547
         136     -0.7956      0.5229      0.9637     -0.0968
         137     -0.1112      0.0465      0.9828         NaN
         138     -0.7720      0.7423      0.8404      0.0548
         139     -0.6820      0.6028      0.6293      0.0344
         140     -0.7397      0.6756      0.7462     -0.0182
         141     -0.3736      0.0346      0.9927      0.1062
         142     -0.1223      0.0669      0.9173         NaN
         143     -0.6424      0.5158      0.7836      0.0048
         144      0.0704      0.3749         NaN      0.0555
         145     -0.8086      0.7158      0.8798     -0.0404
         146      0.0525      0.0507         NaN         NaN
         147     -0.2955      0.6274      0.0403      0.0378
         148     -0.0081     -0.0099         NaN         NaN
         149     -0.5949      0.6403      0.5008      0.2425
