      number        b_UI       e_min    lambda_e         psi       kappa     alpha_u     alpha_o    lambda_a    lambda_b     a_shock     b_shock        phi1        phi2        phi3        phi4           a           b         L_N
           1      0.6191      0.5035      1.0100      3.0000      0.5000      4.9439      1.7770      3.0000      7.7888      0.6255      0.2839      7.4766      0.0000      7.5430      0.0000      2.0000      2.5000      1.9618
           2      0.6315      0.5705      1.0485      4.1900      0.2614      3.6785      4.2704      2.8446      9.3374      0.5683      0.5411     13.5522      0.0000     19.0045      0.0000      2.0000      2.3798      0.9368
           3      0.6320      0.5243      1.0381      2.0782      0.0315      1.5230      4.4666      3.4229      6.3533      0.1684      0.1021      7.0018      0.0000     12.4228      0.0000      2.0000      2.7486      2.1360
           4      0.6365      0.5340      1.0344      2.2785      0.7799      4.0872      3.0545      2.1015      5.2016      0.6386      0.2712     17.5118      0.0000      9.8160      0.0000      2.0000      2.4992         NaN
           5      0.6340      0.5097      1.0208      3.6425      0.9240      3.1673      2.0337      2.2791      9.2789      0.4000      0.5493     14.0734      0.0000     14.4692      0.0000      2.0000      2.2600         NaN
           6      0.6091      0.5086      1.0482      3.7905      0.5986      2.7835      3.3895      4.5695      5.7925      0.4367      0.7273      7.6090      0.0000      6.4448      0.0000      2.0000      2.3855      2.4057
           7      0.6483      0.5030      1.0428      4.8185      0.3727      4.8431      2.4370      4.7250      7.6282      0.1792      0.3470     14.5164      0.0000      5.9758      0.0000      2.0000      2.9957         NaN
           8      0.6430      0.5788      1.0396      4.2319      0.3035      3.5533      3.4193      4.8925      7.3660      0.1846      0.3756     18.8845      0.0000     19.5373      0.0000      2.0000      1.5827      2.7403
           9      0.6101      0.5672      1.0151      4.2961      0.0005      1.3025      3.5522      3.8900      6.0345      0.5720      0.1677      5.6345      0.0000     13.0274      0.0000      2.0000      1.5396      2.1096
          10      0.6887      0.5365      1.0032      4.2945      0.9257      2.4269      4.7337      4.9867      9.5266      0.6585      0.5811      6.0270      0.0000     16.7493      0.0000      2.0000      1.7263      1.3681
          11      0.6002      0.5267      1.0330      4.2889      0.5566      2.8716      1.1043      4.4929      9.6557      0.3857      0.2611      5.5879      0.0000      8.5983      0.0000      2.0000      1.5419      2.6922
          12      0.6989      0.5083      1.0427      2.5402      0.9874      2.3009      4.6899      4.4529      9.4683      0.2163      0.1583     13.3173      0.0000     17.5570      0.0000      2.0000      2.7452      2.4530
          13      0.6826      0.5682      1.0049      3.2262      0.0672      1.5436      2.1783      2.8461      9.2776      0.3937      0.1501      7.7998      0.0000     14.2738      0.0000      2.0000      1.8145      2.6797
          14      0.6395      0.5839      1.0426      3.4026      0.6250      2.1906      4.6884      3.6168      7.0225      0.3921      0.6599     19.8827      0.0000     10.6718      0.0000      2.0000      2.0445      2.4101
          15      0.6333      0.5997      1.0069      2.3478      0.8441      3.9119      3.4687      4.5049      9.6129      0.1917      0.5302      9.2850      0.0000     15.1906      0.0000      2.0000      2.9400         NaN
          16      0.6828      0.5574      1.0241      3.9581      0.8126      4.4517      4.6919      2.0171      8.5370      0.1159      0.6889      8.9538      0.0000     18.5977      0.0000      2.0000      1.6678         NaN
          17      0.6875      0.5073      1.0328      3.1254      0.3843      1.5835      1.5514      3.0487      7.9438      0.1044      0.3794     16.7821      0.0000     12.9819      0.0000      2.0000      1.5090      2.1618
          18      0.6949      0.5359      1.0461      2.0126      0.3105      3.8472      4.3276      2.8899      5.9251      0.4470      0.3113      6.5721      0.0000      6.1533      0.0000      2.0000      2.3006      2.1909
          19      0.6025      0.5605      1.0364      4.2803      0.3160      4.7260      4.3422      4.9852      8.0639      0.2165      0.3353     13.0303      0.0000     19.3178      0.0000      2.0000      2.4118      0.6949
          20      0.6416      0.5446      1.0362      2.8893      0.7052      1.0894      1.0220      3.3706      9.0113      0.5620      0.6029     13.8238      0.0000      9.2354      0.0000      2.0000      1.6495      1.3590
          21      0.6980      0.5468      1.0177      3.4415      0.2895      3.1389      1.9749      4.1946      5.4032      0.4785      0.5024     17.2542      0.0000      7.3009      0.0000      2.0000      2.2364      2.4696
          22      0.6782      0.5996      1.0431      4.3686      0.0152      1.0503      2.3541      3.2266      9.8941      0.2172      0.1268     12.2098      0.0000     12.5217      0.0000      2.0000      2.2683      2.5757
          23      0.6790      0.5641      1.0246      2.2257      0.5289      3.6346      4.6263      2.4324      6.7703      0.4400      0.7304     16.3284      0.0000     16.8900      0.0000      2.0000      1.5026      1.7552
          24      0.6899      0.5976      1.0023      3.3386      0.1458      1.2074      1.7493      2.0134      7.7932      0.3029      0.5879      8.4063      0.0000     15.7974      0.0000      2.0000      1.9809      1.6406
          25      0.6426      0.5678      1.0071      4.1251      0.6710      3.9043      4.6653      2.3178      8.8984      0.7582      0.2275     12.6462      0.0000      5.4182      0.0000      2.0000      2.9383         NaN
          26      0.6746      0.5743      1.0375      3.5110      0.4078      1.0830      1.3644      1.4225      6.8832      0.1628      0.2633     14.1960      0.0000     13.0559      0.0000      2.0000      2.6719         NaN
          27      0.6336      0.5874      1.0421      2.8941      0.3188      4.1825      3.7625      3.4180      7.0221      0.3873      0.4178     16.2177      0.0000      6.9056      0.0000      2.0000      1.6056      2.6298
          28      0.6478      0.5879      1.0309      2.7745      0.6397      2.8258      4.8425      4.9245      6.2245      0.7983      0.6176      7.1913      0.0000     18.9743      0.0000      2.0000      2.6785      1.2325
          29      0.6224      0.5245      1.0233      4.7163      0.5404      1.8040      3.1258      3.1550      6.5501      0.1593      0.4533     16.9984      0.0000     15.6468      0.0000      2.0000      2.1026      1.4240
          30      0.6699      0.5667      1.0359      4.3446      0.5185      4.5453      2.3723      2.5254      6.5275      0.2659      0.4550     15.5220      0.0000     13.7176      0.0000      2.0000      2.7505         NaN
          31      0.6671      0.5950      1.0464      4.1247      0.5626      2.4656      1.7557      1.9686      7.5157      0.4343      0.7828     10.8158      0.0000     19.1704      0.0000      2.0000      2.7916         NaN
          32      0.6973      0.5057      1.0053      2.7731      0.3767      1.8252      4.8287      2.1909      6.0416      0.2078      0.1329     10.6748      0.0000     12.1333      0.0000      2.0000      1.7396      2.2448
          33      0.6860      0.5952      1.0110      3.5041      0.8400      4.9478      3.1930      3.4611      6.6533      0.4390      0.7429     17.7849      0.0000     13.5848      0.0000      2.0000      2.7172         NaN
          34      0.6869      0.5905      1.0413      4.7659      0.0288      4.3888      3.5520      3.6006      5.7317      0.5609      0.1951     14.8028      0.0000      7.4520      0.0000      2.0000      1.6650      2.4384
          35      0.6318      0.5171      1.0142      2.3903      0.8118      3.8775      2.2799      4.6694      9.8206      0.6103      0.5517      6.6523      0.0000     17.0993      0.0000      2.0000      2.8149      2.0113
          36      0.6394      0.5852      1.0157      2.6171      0.1174      4.8220      2.0520      2.0795      8.7192      0.7119      0.2621     13.8760      0.0000     18.4860      0.0000      2.0000      2.3286         NaN
          37      0.6562      0.5151      1.0231      2.6078      0.4030      1.5930      1.8325      3.3158      6.4234      0.3144      0.2901      8.0807      0.0000     19.7760      0.0000      2.0000      1.9151      2.6712
          38      0.6860      0.5045      1.0424      2.4298      0.8991      2.3556      3.9729      4.4036      9.4637      0.1656      0.6601      7.0529      0.0000      8.8845      0.0000      2.0000      2.0043      0.7054
          39      0.6205      0.5441      1.0147      4.3443      0.7949      1.8622      1.0284      2.6215      9.5439      0.4917      0.7200      9.1267      0.0000     19.8093      0.0000      2.0000      1.8368      0.8347
          40      0.6705      0.5277      1.0002      4.9104      0.1909      3.2328      4.2805      2.1947      8.1835      0.1836      0.2073     14.0286      0.0000      8.0049      0.0000      2.0000      2.2177         NaN
          41      0.6628      0.5502      1.0463      4.3510      0.5806      4.9206      1.9355      3.7788      5.6568      0.7103      0.2228      6.7884      0.0000     12.8421      0.0000      2.0000      2.0536      1.6196
          42      0.6999      0.5925      1.0268      3.0369      0.8679      2.9780      3.9165      2.0834      7.8134      0.3036      0.6108     12.7098      0.0000     12.8167      0.0000      2.0000      2.4668         NaN
          43      0.6719      0.5300      1.0260      4.3980      0.5048      2.0181      3.8139      3.3708      7.6496      0.3534      0.3878      7.7219      0.0000     18.1203      0.0000      2.0000      2.4329      2.0014
          44      0.6913      0.5848      1.0468      4.9881      0.6274      2.1937      4.6608      4.3505      5.8759      0.4501      0.1421      6.9882      0.0000     19.8408      0.0000      2.0000      1.5705      2.4609
          45      0.6160      0.5891      1.0255      3.1296      0.6483      3.7328      4.8135      4.4145      8.3388      0.4173      0.3117     19.7450      0.0000      6.0444      0.0000      2.0000      2.4548      2.5298
          46      0.6044      0.5519      1.0107      4.8194      0.4381      2.7677      1.0090      4.0077      5.0382      0.7108      0.1294     19.4091      0.0000      7.2288      0.0000      2.0000      2.0201      2.4079
          47      0.6681      0.5888      1.0171      2.3868      0.9778      4.8331      1.9523      2.6044      8.9086      0.6975      0.4132     14.5599      0.0000     13.1247      0.0000      2.0000      2.2896         NaN
          48      0.6809      0.5677      1.0242      3.1822      0.3073      2.1481      3.3527      1.5166      6.4011      0.1605      0.3205     15.6327      0.0000     14.8385      0.0000      2.0000      1.9069         NaN
          49      0.6141      0.5173      1.0014      4.5075      0.9630      4.8676      4.4666      4.5548      9.0144      0.2129      0.7119      5.1368      0.0000     15.9489      0.0000      2.0000      1.8699      1.7211
          50      0.6434      0.5648      1.0170      4.6331      0.3336      1.8777      2.4834      2.9735      9.1228      0.2674      0.1145     18.3207      0.0000     14.4134      0.0000      2.0000      2.7269      2.7218
          51      0.6327      0.5649      1.0440      3.7021      0.4584      3.3176      1.4939      1.5996      8.8939      0.4712      0.2676     10.3039      0.0000     15.3495      0.0000      2.0000      2.1882         NaN
          52      0.6539      0.5446      1.0276      3.7098      0.8385      3.0548      2.1838      3.3442      9.1912      0.5272      0.5242      8.3329      0.0000     19.9119      0.0000      2.0000      1.8509      1.3913
          53      0.6771      0.5641      1.0406      4.0929      0.6205      1.2221      4.1241      4.5431      9.5748      0.1996      0.6487     14.5786      0.0000     12.8635      0.0000      2.0000      2.8570      0.5283
          54      0.6199      0.5374      1.0234      3.4014      0.5551      2.7133      3.1173      1.4560      5.4300      0.5094      0.2904     18.0819      0.0000      8.1254      0.0000      2.0000      1.6322         NaN
          55      0.6193      0.5732      1.0222      4.5831      0.0663      4.9802      2.7187      3.2372      5.3089      0.5502      0.1917     10.7709      0.0000     18.8907      0.0000      2.0000      2.5247      2.1169
          56      0.6441      0.5959      1.0132      3.1418      0.3123      4.1167      4.4990      1.2330      7.2571      0.6518      0.5080     17.9687      0.0000     14.8249      0.0000      2.0000      1.5028         NaN
          57      0.6044      0.5975      1.0079      4.3606      0.0121      4.7097      2.1556      2.6180      8.8722      0.5416      0.3087     12.8447      0.0000      6.0485      0.0000      2.0000      2.8409         NaN
          58      0.6257      0.5965      1.0468      2.1328      0.1900      3.9303      1.1642      2.0906      8.2701      0.3055      0.3708     17.1051      0.0000     17.7053      0.0000      2.0000      1.7567      2.4308
          59      0.6718      0.5390      1.0072      4.7539      0.6608      1.7885      3.2888      4.1370      5.2979      0.6225      0.2986      7.3247      0.0000      6.5699      0.0000      2.0000      2.4753      2.1078
          60      0.6619      0.5205      1.0293      3.4973      0.0203      2.8420      1.9864      4.5583      8.0743      0.5885      0.1292     16.6393      0.0000     19.8071      0.0000      2.0000      1.9088      2.7371
          61      0.6411      0.5507      1.0468      4.9569      0.7599      2.8811      1.3994      1.1240      7.5408      0.5941      0.3901     11.5903      0.0000     16.6286      0.0000      2.0000      2.9527         NaN
          62      0.6128      0.5256      1.0433      2.2959      0.0960      1.2698      3.1455      2.6706      8.4623      0.5137      0.3819     16.6455      0.0000     12.2607      0.0000      2.0000      2.5504      2.1371
          63      0.6381      0.5462      1.0433      4.2084      0.5955      2.8203      1.7546      1.2302      6.2428      0.6651      0.2595     13.9841      0.0000     10.3952      0.0000      2.0000      2.6406         NaN
          64      0.6509      0.5576      1.0497      3.2638      0.3707      2.3765      1.6774      1.2598      6.0564      0.1900      0.4635      8.4570      0.0000      7.1573      0.0000      2.0000      2.5259         NaN
          65      0.6770      0.5601      1.0182      4.5979      0.0890      4.6686      2.3927      2.1979      8.6145      0.3005      0.1470     17.2951      0.0000     15.2981      0.0000      2.0000      2.8804         NaN
          66      0.6930      0.5847      1.0150      2.7295      0.3470      3.0322      3.9132      4.2607      9.0904      0.2873      0.1222     17.0571      0.0000     15.4093      0.0000      2.0000      2.4547      2.7717
          67      0.6604      0.5574      1.0121      2.4622      0.4386      1.7380      4.1859      2.7446      5.6101      0.2221      0.1398      5.5962      0.0000     12.5926      0.0000      2.0000      2.0490      1.6911
          68      0.6289      0.5437      1.0020      3.8178      0.2012      3.9683      2.2599      4.3947      6.0516      0.5181      0.6273      8.0559      0.0000      9.0178      0.0000      2.0000      1.9228      2.3427
          69      0.6601      0.5187      1.0471      3.0017      0.1791      3.9117      2.5017      1.3272      5.8864      0.5802      0.2249     18.9043      0.0000     16.5345      0.0000      2.0000      1.6499         NaN
          70      0.6715      0.5118      1.0380      3.4904      0.6757      4.4822      2.3074      2.7055      6.7666      0.3903      0.1843      9.0190      0.0000     19.7160      0.0000      2.0000      2.4764      2.4501
          71      0.6227      0.5730      1.0193      4.3386      0.6521      2.0266      4.4787      1.8178      7.8258      0.3582      0.5970     10.4164      0.0000      7.9909      0.0000      2.0000      1.9530         NaN
          72      0.6499      0.5664      1.0084      3.0918      0.8204      1.1777      3.0196      4.1446      6.9337      0.5994      0.6737      5.6856      0.0000     15.5552      0.0000      2.0000      2.8600      1.8101
          73      0.6254      0.5691      1.0324      4.4142      0.8534      4.7243      4.4992      2.9176      7.1982      0.5921      0.7585      8.1507      0.0000      8.0831      0.0000      2.0000      2.2516         NaN
          74      0.6947      0.5684      1.0042      3.9990      0.5809      3.3808      3.4830      3.4496      9.3277      0.1396      0.7957     17.6977      0.0000     10.7447      0.0000      2.0000      2.9454         NaN
          75      0.6641      0.5978      1.0415      4.1228      0.1166      1.3305      2.0816      3.4093      8.8871      0.4048      0.4077     18.6688      0.0000      5.5843      0.0000      2.0000      1.7599      2.4984
          76      0.6674      0.5141      1.0086      2.2494      0.7321      4.9874      1.7569      4.0557      5.9368      0.4208      0.1739     17.3715      0.0000      8.8806      0.0000      2.0000      2.6051      2.7773
          77      0.6065      0.5132      1.0037      3.2798      0.4623      4.1217      4.0992      1.0082      8.3685      0.3245      0.3052      7.3345      0.0000     19.7468      0.0000      2.0000      1.7487         NaN
          78      0.6181      0.5688      1.0338      2.4978      0.8453      2.4970      4.6495      4.4622      6.2409      0.5500      0.3810     18.6276      0.0000     19.8362      0.0000      2.0000      1.7059      2.4162
          79      0.6696      0.5601      1.0149      4.5893      0.4015      3.2825      1.8921      2.2911      8.7424      0.3813      0.7027     16.0021      0.0000      6.3952      0.0000      2.0000      2.7976         NaN
          80      0.6517      0.5444      1.0035      4.5246      0.4681      2.1165      3.2150      2.6870      7.2422      0.1479      0.7726     16.7870      0.0000     10.0158      0.0000      2.0000      2.8798         NaN
          81      0.6943      0.5270      1.0476      4.4466      0.6757      3.9399      1.4270      4.4018      9.4296      0.5041      0.7562      7.0757      0.0000     16.6747      0.0000      2.0000      2.1225      1.9396
          82      0.6917      0.5086      1.0033      4.5015      0.7374      4.2290      2.7031      1.3017      9.5528      0.2826      0.4534      7.3617      0.0000      5.6450      0.0000      2.0000      2.1770         NaN
          83      0.6173      0.5219      1.0111      3.5848      0.5079      4.6934      4.4904      2.8158      5.6015      0.7301      0.4718      8.5577      0.0000      9.2147      0.0000      2.0000      2.1381      0.1618
          84      0.6744      0.5384      1.0472      4.2779      0.3957      1.6723      3.4904      2.6763      8.4967      0.2674      0.3586     11.1656      0.0000     19.0000      0.0000      2.0000      2.4659      2.1967
          85      0.6077      0.5339      1.0328      2.7482      0.1382      3.2008      4.9217      3.8811      5.7108      0.2026      0.2923     12.7310      0.0000      6.5124      0.0000      2.0000      1.7237      2.8323
          86      0.6127      0.5751      1.0088      2.1936      0.9526      2.4157      4.0468      1.5558      9.3066      0.1235      0.7593     16.6333      0.0000     11.1869      0.0000      2.0000      2.3239         NaN
          87      0.6208      0.5658      1.0450      2.8788      0.5075      3.9591      3.3298      4.0022      7.0833      0.2404      0.7091     17.2778      0.0000      5.6204      0.0000      2.0000      2.4089      0.9992
          88      0.6309      0.5402      1.0084      3.0822      0.3672      1.1984      1.2431      3.9574      7.5929      0.1397      0.1659     11.1474      0.0000     17.9475      0.0000      2.0000      1.6233      2.7996
          89      0.6221      0.5370      1.0363      4.1697      0.7633      2.3986      4.0187      3.0663      7.2061      0.6778      0.2228      5.6397      0.0000     10.1749      0.0000      2.0000      2.1105      0.9704
          90      0.6850      0.5594      1.0139      3.1769      0.9409      1.4087      1.9026      1.6727      6.3289      0.4176      0.5159     11.2291      0.0000      8.1027      0.0000      2.0000      1.5347      1.5118
          91      0.6998      0.5775      1.0269      3.6599      0.2186      1.0848      2.2225      1.7486      5.1239      0.1081      0.4319     12.6607      0.0000     19.5410      0.0000      2.0000      1.8999      0.8242
          92      0.6084      0.5265      1.0001      4.7523      0.5045      1.0961      1.0046      4.3125      8.4035      0.6842      0.5486      9.0819      0.0000      8.4219      0.0000      2.0000      2.1949      1.1909
          93      0.6222      0.5157      1.0150      2.6350      0.2726      4.3244      1.2931      1.5708      6.5639      0.2503      0.5430     14.2174      0.0000      9.1768      0.0000      2.0000      2.8461         NaN
          94      0.6598      0.5900      1.0269      4.0943      0.0893      2.8787      2.6435      2.8497      8.0828      0.4284      0.2208     18.8891      0.0000     15.8607      0.0000      2.0000      2.9071      2.5718
          95      0.6072      0.5889      1.0111      3.1324      0.1681      1.3089      3.7063      1.4270      9.6362      0.2462      0.5864     10.7933      0.0000     18.1864      0.0000      2.0000      1.7893         NaN
          96      0.6882      0.5194      1.0147      3.5663      0.7969      4.6972      1.8730      4.1800      5.6694      0.2815      0.7608     10.6798      0.0000     12.3226      0.0000      2.0000      2.2630      1.2616
          97      0.6083      0.5771      1.0457      2.2939      0.8513      2.9892      4.6050      4.6365      9.6928      0.1289      0.3637      6.8989      0.0000      6.5590      0.0000      2.0000      1.6747      2.5194
          98      0.6186      0.5332      1.0195      4.8764      0.8306      2.6871      1.3827      2.8958      6.6105      0.4239      0.6834      5.2930      0.0000     16.6378      0.0000      2.0000      2.0859      1.3330
          99      0.6464      0.5825      1.0071      2.6814      0.0445      1.7173      3.0444      4.1389      6.3993      0.6319      0.7799      9.9504      0.0000     17.6052      0.0000      2.0000      2.3174      2.3109
         100      0.6955      0.5871      1.0398      3.6885      0.1799      4.4482      3.8990      3.2532      9.2815      0.1274      0.1626      6.6238      0.0000     19.9261      0.0000      2.0000      2.3077      1.2752
         101      0.6270      0.5112      1.0366      3.7066      0.1215      1.5176      2.8919      2.6539      9.8021      0.1824      0.6586     18.3850      0.0000     12.8414      0.0000      2.0000      2.0959      1.2871
         102      0.6866      0.5882      1.0114      3.3278      0.4518      3.9679      2.0426      1.4453      9.4136      0.4067      0.1094     10.1705      0.0000     12.4577      0.0000      2.0000      2.3545         NaN
         103      0.6220      0.5151      1.0489      3.6447      0.6133      3.9837      4.3950      4.3730      7.1482      0.5310      0.4702     17.4676      0.0000     15.7186      0.0000      2.0000      2.8815      2.1352
         104      0.6107      0.5397      1.0034      4.6344      0.8555      2.6568      3.4046      1.9863      9.4159      0.7016      0.6523      7.5990      0.0000     14.8793      0.0000      2.0000      2.9789         NaN
         105      0.6553      0.5458      1.0249      2.3975      0.8513      1.4966      2.1957      2.5774      7.5232      0.1875      0.1796     14.6510      0.0000     13.5012      0.0000      2.0000      2.9150         NaN
         106      0.6402      0.5445      1.0323      3.4655      0.6133      3.9892      3.6370      2.7775      6.9598      0.4187      0.2783     17.1565      0.0000      5.3605      0.0000      2.0000      2.7963         NaN
         107      0.6921      0.5468      1.0271      3.0407      0.4606      1.7135      1.6925      2.1382      9.2900      0.3494      0.1837     18.3925      0.0000      5.5615      0.0000      2.0000      2.8222      2.8238
         108      0.6916      0.5090      1.0269      4.1915      0.7377      4.7223      3.8067      1.6214      8.6181      0.1912      0.4352     17.9651      0.0000      7.9155      0.0000      2.0000      2.5078         NaN
         109      0.6590      0.5904      1.0118      4.2688      0.9173      4.9949      3.6662      4.6378      5.7715      0.4122      0.3235      7.5800      0.0000     19.0655      0.0000      2.0000      2.7261         NaN
         110      0.6281      0.5655      1.0041      2.4269      0.1140      2.0903      4.4093      1.4780      9.6528      0.6300      0.4133     10.4121      0.0000      7.7505      0.0000      2.0000      2.1624         NaN
         111      0.6768      0.5866      1.0116      2.8928      0.6560      3.6912      2.4265      2.7590      5.6621      0.1815      0.5615     17.5578      0.0000      9.6132      0.0000      2.0000      2.9851         NaN
         112      0.6841      0.5600      1.0367      2.2214      0.9897      4.7547      4.9316      3.9520      5.1839      0.5059      0.6375     12.8628      0.0000      6.1802      0.0000      2.0000      2.3844      2.2145
         113      0.6493      0.5912      1.0266      2.2977      0.4528      2.7834      3.9453      2.6290      9.2024      0.3322      0.1882     19.0666      0.0000      7.4052      0.0000      2.0000      2.3520      2.4959
         114      0.6266      0.5208      1.0238      2.1591      0.5916      3.2443      4.1533      2.1454      7.2559      0.1751      0.5670     16.1163      0.0000     18.0991      0.0000      2.0000      1.6710      1.8315
         115      0.6050      0.5633      1.0294      3.8934      0.1893      2.8892      3.3997      2.9139      9.9359      0.3380      0.4788      6.6710      0.0000      7.7664      0.0000      2.0000      2.9252         NaN
         116      0.6267      0.5414      1.0333      3.2472      0.3535      4.8835      2.5661      2.7897      9.8894      0.5826      0.7227     12.1379      0.0000      8.2298      0.0000      2.0000      2.6066         NaN
         117      0.6370      0.5313      1.0086      2.6736      0.8785      4.9861      3.2154      1.7952      5.0020      0.6021      0.2450      6.0305      0.0000      5.6355      0.0000      2.0000      2.6726         NaN
         118      0.6669      0.5727      1.0134      2.3076      0.6713      2.0592      2.3697      2.7962      5.9159      0.6276      0.3973     11.8386      0.0000     16.5590      0.0000      2.0000      2.6652      1.7043
         119      0.6975      0.5469      1.0396      3.2221      0.7085      4.1982      4.7002      4.5142      9.4699      0.7759      0.7428     10.9125      0.0000     18.8252      0.0000      2.0000      1.6945      0.1503
         120      0.6171      0.5425      1.0398      4.8429      0.0510      4.8554      1.4364      1.9309      8.4243      0.3555      0.7360     15.8600      0.0000     14.8222      0.0000      2.0000      2.7702         NaN
         121      0.6790      0.5893      1.0402      4.5689      0.4552      4.6904      2.4651      1.7208      7.9872      0.2400      0.4665     18.2950      0.0000     18.6434      0.0000      2.0000      2.9015         NaN
         122      0.6021      0.5123      1.0068      3.9854      0.4485      4.9268      3.3152      3.1441      6.0020      0.3488      0.2031     11.8333      0.0000      9.0761      0.0000      2.0000      1.9060      2.4929
         123      0.6741      0.5740      1.0488      4.5392      0.3459      3.9889      4.7841      1.9990      7.7447      0.3736      0.3013     10.5128      0.0000     16.8763      0.0000      2.0000      2.9043         NaN
         124      0.6024      0.5623      1.0402      4.0278      0.3493      3.0325      4.6681      3.0236      6.8511      0.1427      0.3187     18.3809      0.0000     11.4553      0.0000      2.0000      2.6913         NaN
         125      0.6358      0.5107      1.0500      2.5000      0.3263      1.6024      2.4741      2.0622      8.9453      0.4148      0.6340      7.6256      0.0000     14.6577      0.0000      2.0000      2.7032      1.9941
         126      0.6343      0.5847      1.0379      3.0810      0.6919      3.5054      3.8299      3.7341      7.2741      0.2470      0.7273     16.7996      0.0000      9.4022      0.0000      2.0000      1.6161      2.5941
         127      0.6419      0.5733      1.0284      3.1480      0.2248      1.1618      1.0842      4.4502      5.7223      0.5933      0.1233      8.7203      0.0000      9.8942      0.0000      2.0000      2.3007      2.8389
         128      0.6244      0.5832      1.0094      3.2118      0.5049      4.3364      2.0327      4.9419      7.7075      0.2296      0.6056     17.7653      0.0000      8.7494      0.0000      2.0000      1.7427      2.6157
         129      0.6827      0.5936      1.0174      4.3425      0.3337      2.3936      1.9940      4.9893      5.5756      0.5246      0.4515     10.3840      0.0000     17.2996      0.0000      2.0000      2.7022      2.4012
         130      0.6201      0.5005      1.0496      3.6578      0.9205      3.9903      2.9884      3.7499      8.5614      0.3942      0.3206     18.9183      0.0000     12.7351      0.0000      2.0000      2.4041      2.5029
         131      0.6753      0.5809      1.0183      4.8597      0.8242      3.6936      4.7888      4.9075      6.3116      0.2174      0.5964      7.1406      0.0000      6.9155      0.0000      2.0000      1.7820      2.5483
         132      0.6592      0.5401      1.0179      2.3088      0.4600      3.3824      3.7289      2.7910      8.8245      0.7499      0.4237     16.7240      0.0000     12.8377      0.0000      2.0000      1.7890      0.0157
         133      0.6597      0.5630      1.0404      2.2867      0.8372      1.6130      3.5377      2.7712      8.5430      0.3504      0.1395     13.1032      0.0000     17.0997      0.0000      2.0000      2.7299      2.6905
         134      0.6609      0.5830      1.0124      2.0679      0.8931      4.4171      1.9583      4.2356      8.7371      0.7395      0.2453     19.6673      0.0000      7.1665      0.0000      2.0000      1.5816      2.0353
         135      0.6054      0.5486      1.0262      3.1885      0.6864      3.1711      2.2099      2.9608      8.8911      0.4571      0.4559     19.6531      0.0000      8.0800      0.0000      2.0000      2.0650      2.0618
         136      0.6452      0.5294      1.0442      2.9459      0.7178      2.3852      3.6705      1.9891      7.7761      0.5575      0.7970      5.5317      0.0000     17.0397      0.0000      2.0000      2.5172         NaN
         137      0.6740      0.5684      1.0382      4.7590      0.0764      3.2370      3.0305      1.5800      7.8118      0.2335      0.1784     17.1202      0.0000     15.8417      0.0000      2.0000      2.4050         NaN
         138      0.6914      0.5826      1.0335      3.7291      0.3164      2.8417      2.1889      3.0406      7.3765      0.1796      0.1432     15.1770      0.0000     11.3457      0.0000      2.0000      2.6160      2.5073
         139      0.6641      0.5711      1.0051      2.5942      0.5773      3.1099      2.9687      3.1349      5.5265      0.1956      0.1235     10.7675      0.0000     15.0482      0.0000      2.0000      2.3611      2.4956
         140      0.6256      0.5319      1.0121      3.8614      0.7101      4.4214      2.9369      4.8187      8.8429      0.2128      0.1569     12.3845      0.0000     18.3948      0.0000      2.0000      2.4897      2.3366
         141      0.6958      0.5675      1.0260      2.2163      0.2241      4.1145      3.7714      3.4880      6.9464      0.4712      0.6086      6.3221      0.0000      8.7763      0.0000      2.0000      2.9392         NaN
         142      0.6673      0.5271      1.0195      3.6665      0.9488      4.9836      1.3367      1.8515      9.5689      0.2371      0.4727     19.8432      0.0000      9.6319      0.0000      2.0000      2.7606         NaN
         143      0.6413      0.5445      1.0285      3.9445      0.8798      1.4776      1.0806      2.9661      6.6929      0.2051      0.7889      8.8368      0.0000      5.0338      0.0000      2.0000      2.6068         NaN
         144      0.6373      0.5041      1.0339      2.3649      0.5661      4.4127      1.1833      4.6059      8.9515      0.5741      0.1370     12.5016      0.0000     11.2573      0.0000      2.0000      1.7349      2.7390
         145      0.6179      0.5726      1.0000      3.8407      0.2358      2.7280      3.8384      2.5124      9.1734      0.2235      0.7966     18.0584      0.0000      7.2648      0.0000      2.0000      2.2599         NaN
         146      0.6629      0.5595      1.0367      2.7480      0.6128      2.1644      3.6243      1.3798      5.5190      0.4475      0.7880     16.2261      0.0000      5.5964      0.0000      2.0000      2.3728         NaN
         147      0.6751      0.5289      1.0261      3.7500      0.7649      1.5087      1.6303      2.9504      5.0885      0.6067      0.3192      8.4057      0.0000      7.2059      0.0000      2.0000      1.5428      1.7587
         148      0.6699      0.5721      1.0179      4.0900      0.0654      3.3662      2.9396      1.0790      7.0804      0.3500      0.3862     12.8668      0.0000      7.8331      0.0000      2.0000      1.7460         NaN
         149      0.6197      0.5646      1.0416      3.7978      0.8714      2.8434      2.0956      3.6792      5.3404      0.5941      0.4528     17.1339      0.0000     17.8815      0.0000      2.0000      2.5783         NaN
